13	24	0	0	532	1071	1577	1_hij_hoog_tr_48000
21	17	0	0	443	925	1601	1_hij_laag_tr_48000
39	15	0	0	533	909	1947	1_hij_neg_frown_tr_48000
17	3	0	0	750	1155	1486	1_hij_neg_smile_tr_48000
37	11	1	9	579	1109	1631	1_hij_pos_frown_tr_48000
27	22	1	0	617	1260	1903	1_hij_pos_smile_tr_48000
14	14	1	0	517	956	1331	1_hij_hoog_tr_48000
29	52	1	0	590	901	1526	1_hij_laag_tr_48000
34	12	1	0	599	1124	1877	1_hij_neg_frown_tr_48000
24	4	1	0	520	1176	1660	1_hij_neg_smile_tr_48000
39	37	1	0	547	766	1604	1_hij_pos_frown_tr_48000
12	25	1	0	707	967	1940	1_hij_pos_smile_tr_48000
13	34	1	0	554	1410	2137	1_hij_hoog_tr_48000
27	14	1	0	537	884	1472	1_hij_laag_tr_48000
23	36	1	0	1219	1824	2404	1_hij_neg_frown_tr_48000
32	31	1	0	586	825	1609	1_hij_neg_smile_tr_48000
17	29	1	0	494	1023	1902	1_hij_pos_frown_tr_48000
39	17	1	0	469	794	1454	1_hij_pos_smile_tr_48000
19	31	1	0	605	908	1671	1_hij_hoog_tr_48000
21	30	1	0	419	972	1901	1_hij_laag_tr_48000
17	16	1	0	741	1533	2665	1_hij_neg_frown_tr_48000
39	9	1	0	774	1228	2081	1_hij_neg_smile_tr_48000
14	39	1	0	683	1239	2201	1_hij_pos_frown_tr_48000
19	38	1	0	493	822	1653	1_hij_pos_smile_tr_48000
31	15	1	0	428	868	1322	1_hij_hoog_tr_48000
34	48	1	0	526	1292	2254	1_hij_laag_tr_48000
39	33	1	0	504	866	1961	1_hij_neg_frown_tr_48000
12	44	1	0	478	980	2154	1_hij_neg_smile_tr_48000
14	23	1	0	439	1003	1542	1_hij_pos_frown_tr_48000
39	21	1	0	460	775	1842	1_hij_pos_smile_tr_48000
17	52	1	0	605	1490	2510	1_hij_hoog_tr_48000
27	2	1	0	870	1308	1952	1_hij_laag_tr_48000
27	38	1	0	504	1473	2428	1_hij_neg_frown_tr_48000
19	34	1	0	491	731	1100	1_hij_neg_smile_tr_48000
29	32	1	0	767	1276	2100	1_hij_pos_frown_tr_48000
22	39	1	0	517	939	1486	1_hij_pos_smile_tr_48000
32	26	1	0	568	845	1311	1_hij_hoog_tr_48000
24	37	1	0	522	900	1955	1_hij_laag_tr_48000
11	40	1	0	478	846	1538	1_hij_neg_frown_tr_48000
23	28	1	0	438	757	1644	1_hij_neg_smile_tr_48000
13	2	1	0	1213	1965	2300	1_hij_pos_frown_tr_48000
19	47	1	0	473	857	1419	1_hij_pos_smile_tr_48000
13	51	1	0	502	950	1516	1_hij_hoog_tr_48000
32	11	1	0	512	1080	2062	1_hij_laag_tr_48000
19	19	1	0	849	1209	1703	1_hij_neg_frown_tr_48000
29	40	1	0	410	820	1360	1_hij_neg_smile_tr_48000
27	46	1	0	797	1460	2126	1_hij_pos_frown_tr_48000
17	49	1	0	453	1158	2115	1_hij_pos_smile_tr_48000
37	43	1	0	526	1194	1954	1_hij_hoog_tr_48000
17	21	1	0	398	831	2374	1_hij_laag_tr_48000
33	29	1	0	481	831	1605	1_hij_neg_frown_tr_48000
12	48	1	0	446	930	1879	1_hij_neg_smile_tr_48000
22	18	1	0	534	963	1968	1_hij_pos_frown_tr_48000
31	22	1	0	491	902	1626	1_hij_pos_smile_tr_48000
32	46	1	0	612	888	1328	1_hij_hoog_tr_48000
17	24	1	0	389	792	1767	1_hij_laag_tr_48000
11	45	1	0	682	1293	2214	1_hij_neg_frown_tr_48000
13	19	1	0	755	1406	2041	1_hij_neg_smile_tr_48000
19	51	1	0	540	808	1856	1_hij_pos_frown_tr_48000
27	50	1	0	582	1070	2012	1_hij_pos_smile_tr_48000
21	27	1	0	682	1029	1495	1_hij_hoog_tr_48000
19	46	1	0	571	1180	2135	1_hij_laag_tr_48000
19	7	1	0	717	1278	2466	1_hij_neg_frown_tr_48000
39	1	1	0	569	1036	2246	1_hij_neg_smile_tr_48000
37	23	1	0	554	1646	2367	1_hij_pos_frown_tr_48000
29	8	1	0	771	1109	1917	1_hij_pos_smile_tr_48000
27	34	1	0	467	1318	2028	1_hij_hoog_tr_48000
31	38	1	0	572	1028	1949	1_hij_laag_tr_48000
17	53	1	1	423	952	1720	1_hij_neg_frown_tr_48000
19	22	2	0	615	1201	1664	1_hij_neg_smile_tr_48000
22	3	2	0	819	1147	1477	1_hij_pos_frown_tr_48000
39	29	2	0	527	817	1817	1_hij_pos_smile_tr_48000
19	35	2	0	781	1177	2072	1_hij_hoog_tr_48000
11	20	2	0	415	798	1353	1_hij_laag_tr_48000
17	5	2	0	641	1182	1814	1_hij_neg_frown_tr_48000
27	18	2	0	504	963	1432	1_hij_neg_smile_tr_48000
11	36	2	0	979	1637	2226	1_hij_pos_frown_tr_48000
27	30	2	0	477	1021	1626	1_hij_pos_smile_tr_48000
11	32	2	0	582	799	1524	1_hij_hoog_tr_48000
19	50	2	0	559	1197	1820	1_hij_laag_tr_48000
14	11	2	0	518	1207	2223	1_hij_neg_frown_tr_48000
29	16	2	0	682	1010	1955	1_hij_neg_smile_tr_48000
19	18	2	0	532	1026	1895	1_hij_pos_frown_tr_48000
33	33	2	0	587	1328	2094	1_hij_pos_smile_tr_48000
39	53	2	0	472	838	1316	1_hij_hoog_tr_48000
13	35	2	0	625	1084	1623	1_hij_laag_tr_48000
27	10	2	0	569	1095	2576	1_hij_neg_frown_tr_48000
33	8	2	0	724	1110	1760	1_hij_neg_smile_tr_48000
19	43	2	0	487	903	1648	1_hij_pos_frown_tr_48000
39	41	2	0	482	1022	2162	1_hij_pos_smile_tr_48000
37	47	2	0	622	1073	1961	1_hij_hoog_tr_48000
12	41	2	0	630	1078	1515	1_hij_laag_tr_48000
11	28	2	0	481	781	1613	1_hij_neg_frown_tr_48000
17	25	2	0	727	1204	2291	1_hij_neg_smile_tr_48000
17	40	2	0	406	1111	1848	1_hij_pos_frown_tr_48000
14	46	2	0	668	1122	1495	1_hij_pos_smile_tr_48000
17	17	2	0	485	1046	1759	1_hij_hoog_tr_48000
14	26	2	0	667	929	1852	1_hij_laag_tr_48000
29	12	2	0	604	1031	1818	1_hij_neg_frown_tr_48000
29	24	2	0	438	774	2001	1_hij_neg_smile_tr_48000
34	41	2	0	462	990	1409	1_hij_pos_frown_tr_48000
27	26	2	0	574	1007	1993	1_hij_pos_smile_tr_48000
14	3	2	0	933	1422	1756	1_hij_hoog_tr_48000
31	35	2	0	872	1387	1910	1_hij_laag_tr_48000
39	49	2	0	454	758	1819	1_hij_neg_frown_tr_48000
39	13	2	0	485	891	1602	1_hij_neg_smile_tr_48000
32	14	2	0	450	1115	1472	1_hij_pos_frown_tr_48000
21	51	2	0	511	824	1476	1_hij_pos_smile_tr_48000
22	50	2	0	521	1002	1438	1_hij_hoog_tr_48000
17	37	2	0	560	940	1645	1_hij_laag_tr_48000
39	5	2	0	573	1042	2269	1_hij_neg_frown_tr_48000
17	44	2	0	732	1533	2793	1_hij_neg_smile_tr_48000
17	12	2	0	530	1206	2046	1_hij_pos_frown_tr_48000
11	33	2	0	513	1209	1910	1_hij_pos_smile_tr_48000
11	49	2	0	605	983	1442	1_hij_hoog_tr_48000
13	30	2	0	425	722	1540	1_hij_laag_tr_48000
34	32	2	0	705	1059	1674	1_hij_neg_frown_tr_48000
23	16	2	0	574	994	2088	1_hij_neg_smile_tr_48000
27	6	2	0	452	1024	1765	1_hij_pos_frown_tr_48000
31	19	2	0	615	1170	1773	1_hij_pos_smile_tr_48000
14	31	2	0	395	633	1528	1_hij_hoog_tr_48000
27	42	2	0	535	971	1513	1_hij_laag_tr_48000
17	33	2	0	847	1598	2329	1_hij_neg_frown_tr_48000
11	16	2	0	592	1065	2088	1_hij_neg_smile_tr_48000
19	42	2	0	489	993	2250	1_hij_pos_frown_tr_48000
34	5	2	0	651	1258	1643	1_hij_pos_smile_tr_48000
12	52	2	0	576	1057	1503	1_hij_hoog_tr_48000
11	1	2	0	520	1043	1789	1_hij_laag_tr_48000
19	23	2	0	517	1033	1842	1_hij_neg_frown_tr_48000
19	2	2	0	754	1020	1911	1_hij_neg_smile_tr_48000
17	32	2	0	955	1583	2258	1_hij_pos_frown_tr_48000
29	28	2	0	437	847	1629	1_hij_pos_smile_tr_48000
11	53	2	2	476	976	2100	1_hij_hoog_tr_48000
32	43	3	0	462	876	1744	1_hij_laag_tr_48000
14	43	3	0	486	772	1510	1_hij_neg_frown_tr_48000
23	45	3	0	720	1228	2154	1_hij_neg_smile_tr_48000
17	45	3	0	594	1376	2409	1_hij_pos_frown_tr_48000
17	1	3	0	529	1201	1941	1_hij_pos_smile_tr_48000
12	4	3	0	451	982	1508	1_hij_hoog_tr_48000
17	13	3	0	552	1497	2444	1_hij_laag_tr_48000
29	44	3	0	512	872	1586	1_hij_neg_frown_tr_48000
12	13	3	0	420	752	1528	1_hij_neg_smile_tr_48000
19	54	3	0	445	961	1894	1_hij_pos_frown_tr_48000
19	14	3	0	486	832	1324	1_hij_pos_smile_tr_48000
37	35	3	0	981	1586	2095	1_hij_hoog_tr_48000
37	27	3	0	537	831	1158	1_hij_laag_tr_48000
12	37	3	0	550	995	1937	1_hij_neg_frown_tr_48000
21	47	3	0	466	925	1754	1_hij_neg_smile_tr_48000
24	44	3	0	655	1226	2343	1_hij_pos_frown_tr_48000
13	47	3	0	461	982	1785	1_hij_pos_smile_tr_48000
11	29	3	0	389	656	1430	1_hij_hoog_tr_48000
23	21	3	0	350	662	1063	1_hij_laag_tr_48000
14	6	3	0	655	1219	2515	1_hij_neg_frown_tr_48000
13	27	3	0	610	909	1347	1_hij_neg_smile_tr_48000
21	34	3	0	585	1073	1572	1_hij_pos_frown_tr_48000
17	28	3	0	606	1550	2780	1_hij_pos_smile_tr_48000
14	18	3	0	496	948	1974	1_hij_hoog_tr_48000
11	21	3	0	333	564	1020	1_hij_laag_tr_48000
29	36	3	0	941	1248	1830	1_hij_neg_frown_tr_48000
13	38	3	0	464	840	1759	1_hij_neg_smile_tr_48000
19	3	3	0	905	1290	2165	1_hij_pos_frown_tr_48000
39	45	3	0	598	1027	2129	1_hij_pos_smile_tr_48000
37	7	3	0	629	1009	1579	1_hij_hoog_tr_48000
33	20	3	0	526	740	1317	1_hij_laag_tr_48000
12	12	3	0	416	1015	1728	1_hij_neg_frown_tr_48000
13	54	3	0	423	899	1683	1_hij_neg_smile_tr_48000
11	8	3	0	668	1424	2343	1_hij_pos_frown_tr_48000
34	25	3	0	745	993	1863	1_hij_pos_smile_tr_48000
33	40	3	0	415	658	1310	1_hij_hoog_tr_48000
31	2	3	0	1010	1622	2025	1_hij_laag_tr_48000
34	52	3	0	534	883	1359	1_hij_neg_frown_tr_48000
21	54	3	0	404	838	1680	1_hij_neg_smile_tr_48000
37	51	3	0	521	892	1368	1_hij_pos_frown_tr_48000
37	19	3	0	701	1417	2095	1_hij_pos_smile_tr_48000
17	48	3	0	502	1246	2012	1_hij_hoog_tr_48000
27	54	3	0	496	1367	1994	1_hij_laag_tr_48000
37	15	3	0	699	1522	2267	1_hij_neg_frown_tr_48000
19	30	3	0	302	809	1907	1_hij_neg_smile_tr_48000
33	49	3	0	569	1069	1506	1_hij_pos_frown_tr_48000
22	6	3	0	443	700	1895	1_hij_pos_smile_tr_48000
17	4	3	0	536	961	1560	1_hij_hoog_tr_48000
13	22	3	0	619	1096	1858	1_hij_laag_tr_48000
19	11	3	0	659	1104	2289	1_hij_neg_frown_tr_48000
19	10	3	0	559	861	2219	1_hij_neg_smile_tr_48000
14	50	3	0	558	1074	1617	1_hij_pos_frown_tr_48000
24	13	3	0	427	769	1538	1_hij_pos_smile_tr_48000
29	4	3	0	561	848	1965	1_hij_hoog_tr_48000
17	41	3	0	591	1002	2311	1_hij_laag_tr_48000
33	1	3	0	589	1312	2068	1_hij_neg_frown_tr_48000
39	25	3	0	713	1239	2605	1_hij_neg_smile_tr_48000
37	31	3	0	662	1321	1845	1_hij_pos_frown_tr_48000
19	26	3	0	554	1033	1850	1_hij_pos_smile_tr_48000
12	5	3	0	682	1240	1907	1_hij_hoog_tr_48000
23	53	3	0	417	872	1917	1_hij_laag_tr_48000
13	15	3	0	596	1141	1586	1_hij_neg_frown_tr_48000
32	23	3	0	567	900	1466	1_hij_neg_smile_tr_48000
27	32	3	3	807	1367	1955	1_hij_pos_frown_tr_48000
27	16	4	0	661	1403	2443	1_hij_pos_smile_tr_48000
12	19	4	0	616	1260	1966	1_hij_hoog_tr_48000
39	51	4	0	589	916	2208	1_hij_laag_tr_48000
29	46	4	0	584	1165	2184	1_hij_neg_frown_tr_48000
31	48	4	0	426	884	1898	1_hij_neg_smile_tr_48000
17	47	4	0	508	1006	1898	1_hij_pos_frown_tr_48000
11	46	4	0	731	1025	1477	1_hij_pos_smile_tr_48000
32	33	4	0	573	1329	2034	1_hij_hoog_tr_48000
31	52	4	0	444	900	1351	1_hij_laag_tr_48000
11	6	4	0	482	734	1827	1_hij_neg_frown_tr_48000
39	7	4	0	708	1298	2510	1_hij_neg_smile_tr_48000
32	31	4	0	707	964	1493	1_hij_pos_frown_tr_48000
12	15	4	0	478	912	1380	1_hij_pos_smile_tr_48000
19	21	4	0	357	786	1868	1_hij_hoog_tr_48000
27	4	4	0	581	1001	1628	1_hij_laag_tr_48000
37	1	4	0	589	1188	1904	1_hij_neg_frown_tr_48000
19	41	4	0	524	1098	2293	1_hij_neg_smile_tr_48000
19	52	4	0	528	883	1580	1_hij_pos_frown_tr_48000
11	11	4	0	753	1398	2510	1_hij_pos_smile_tr_48000
24	27	4	0	806	1050	1518	1_hij_hoog_tr_48000
27	28	4	0	521	1358	2491	1_hij_laag_tr_48000
12	51	4	0	533	900	1432	1_hij_neg_frown_tr_48000
13	41	4	0	570	1209	1680	1_hij_neg_smile_tr_48000
29	34	4	0	608	867	1222	1_hij_pos_frown_tr_48000
31	5	4	0	741	1206	1591	1_hij_pos_smile_tr_48000
19	1	4	0	506	1013	2231	1_hij_hoog_tr_48000
17	42	4	0	525	1027	1735	1_hij_laag_tr_48000
19	49	4	0	503	848	1858	1_hij_neg_frown_tr_48000
27	12	4	0	559	1130	1905	1_hij_neg_smile_tr_48000
21	13	4	0	436	883	1524	1_hij_pos_frown_tr_48000
39	31	4	0	729	1004	1704	1_hij_pos_smile_tr_48000
23	50	4	0	636	1147	1693	1_hij_hoog_tr_48000
33	46	4	0	692	1134	1535	1_hij_laag_tr_48000
21	44	4	0	499	1022	2288	1_hij_neg_frown_tr_48000
13	48	4	0	600	1360	2336	1_hij_neg_smile_tr_48000
17	26	4	0	630	1036	2070	1_hij_pos_frown_tr_48000
13	25	4	0	424	858	1463	1_hij_pos_smile_tr_48000
17	30	4	0	468	1145	1813	1_hij_hoog_tr_48000
33	43	4	0	459	789	1613	1_hij_laag_tr_48000
12	27	4	0	701	1044	1468	1_hij_neg_frown_tr_48000
11	14	4	0	460	1170	1546	1_hij_neg_smile_tr_48000
19	40	4	0	445	847	1324	1_hij_pos_frown_tr_48000
19	29	4	0	426	696	1668	1_hij_pos_smile_tr_48000
27	44	4	0	542	1438	2620	1_hij_hoog_tr_48000
13	44	4	0	559	1128	2348	1_hij_laag_tr_48000
37	33	4	0	767	1527	2259	1_hij_neg_frown_tr_48000
23	18	4	0	487	926	1980	1_hij_neg_smile_tr_48000
13	32	4	0	726	1097	1706	1_hij_pos_frown_tr_48000
11	23	4	0	523	846	1413	1_hij_pos_smile_tr_48000
31	12	4	0	478	1091	1808	1_hij_hoog_tr_48000
21	4	4	0	448	1046	1553	1_hij_laag_tr_48000
14	21	4	0	333	639	1047	1_hij_neg_frown_tr_48000
17	43	4	0	556	1385	2149	1_hij_neg_smile_tr_48000
19	24	4	0	435	785	2156	1_hij_pos_frown_tr_48000
13	13	4	0	413	771	1465	1_hij_pos_smile_tr_48000
37	25	4	0	782	1204	2251	1_hij_hoog_tr_48000
29	22	4	0	538	1086	1536	1_hij_laag_tr_48000
13	37	4	0	1085	1771	2284	1_hij_neg_frown_tr_48000
13	4	4	0	547	1204	1691	1_hij_neg_smile_tr_48000
37	5	4	0	565	1043	1630	1_hij_pos_frown_tr_48000
37	49	4	0	425	1135	2013	1_hij_pos_smile_tr_48000
19	28	4	0	364	743	1741	1_hij_hoog_tr_48000
19	53	4	0	398	808	1322	1_hij_laag_tr_48000
19	32	4	4	690	1241	2014	1_hij_neg_frown_tr_48000
37	53	5	0	445	940	1613	1_hij_neg_smile_tr_48000
29	38	5	0	570	896	1572	1_hij_pos_frown_tr_48000
12	47	5	0	477	874	1649	1_hij_pos_smile_tr_48000
34	15	5	0	554	1060	1525	1_hij_hoog_tr_48000
14	16	5	0	595	1016	2081	1_hij_laag_tr_48000
39	11	5	0	525	893	2021	1_hij_neg_frown_tr_48000
12	35	5	0	788	1298	1791	1_hij_neg_smile_tr_48000
17	46	5	0	912	1600	2259	1_hij_pos_frown_tr_48000
14	20	5	0	388	601	1121	1_hij_pos_smile_tr_48000
32	1	5	0	600	1091	1855	1_hij_hoog_tr_48000
23	3	5	0	880	1321	1635	1_hij_laag_tr_48000
37	29	5	0	453	875	1676	1_hij_neg_frown_tr_48000
14	36	5	0	985	1364	1942	1_hij_neg_smile_tr_48000
17	27	5	0	533	835	1154	1_hij_pos_frown_tr_48000
24	30	5	0	388	615	1519	1_hij_pos_smile_tr_48000
17	51	5	0	454	845	1372	1_hij_hoog_tr_48000
29	42	5	0	552	1034	2178	1_hij_laag_tr_48000
33	23	5	0	604	1180	1761	1_hij_neg_frown_tr_48000
12	2	5	0	1060	1650	2053	1_hij_neg_smile_tr_48000
14	53	5	0	424	898	1938	1_hij_pos_frown_tr_48000
17	31	5	0	751	1515	2156	1_hij_pos_smile_tr_48000
29	18	5	0	553	1011	1882	1_hij_hoog_tr_48000
19	5	5	0	568	1086	2340	1_hij_laag_tr_48000
19	36	5	0	909	1240	1813	1_hij_neg_frown_tr_48000
37	45	5	0	515	1142	2039	1_hij_neg_smile_tr_48000
39	19	5	0	649	1002	1499	1_hij_pos_frown_tr_48000
29	10	5	0	640	882	2212	1_hij_pos_smile_tr_48000
17	23	5	0	476	1585	2321	1_hij_hoog_tr_48000
17	50	5	0	554	1015	1895	1_hij_laag_tr_48000
19	12	5	0	412	716	1604	1_hij_neg_frown_tr_48000
32	20	5	0	419	860	1369	1_hij_neg_smile_tr_48000
17	54	5	0	410	1306	1983	1_hij_pos_frown_tr_48000
19	37	5	0	485	703	1397	1_hij_pos_smile_tr_48000
13	52	5	0	608	1043	1494	1_hij_hoog_tr_48000
32	29	5	0	467	701	1471	1_hij_laag_tr_48000
11	26	5	0	585	889	1340	1_hij_neg_frown_tr_48000
17	10	5	0	668	1216	2908	1_hij_neg_smile_tr_48000
31	41	5	0	627	1060	1428	1_hij_pos_frown_tr_48000
14	40	5	0	411	674	1396	1_hij_pos_smile_tr_48000
19	33	5	0	467	890	2048	1_hij_hoog_tr_48000
19	9	5	0	743	1246	2098	1_hij_laag_tr_48000
39	3	5	0	910	1217	2138	1_hij_neg_frown_tr_48000
21	32	5	0	776	992	1572	1_hij_neg_smile_tr_48000
37	17	5	0	493	1087	1686	1_hij_pos_frown_tr_48000
11	3	5	0	774	1103	1386	1_hij_pos_smile_tr_48000
32	40	5	0	427	746	1365	1_hij_hoog_tr_48000
39	35	5	0	887	1246	2096	1_hij_laag_tr_48000
14	29	5	0	454	793	1562	1_hij_neg_frown_tr_48000
34	2	5	0	1135	1898	2336	1_hij_neg_smile_tr_48000
12	34	5	0	532	1059	1475	1_hij_pos_frown_tr_48000
37	21	5	0	406	820	2151	1_hij_pos_smile_tr_48000
29	50	5	0	640	1231	1867	1_hij_hoog_tr_48000
14	45	5	0	712	1192	1990	1_hij_laag_tr_48000
23	39	5	0	591	1074	1644	1_hij_neg_frown_tr_48000
22	21	5	0	361	577	1029	1_hij_neg_smile_tr_48000
39	43	5	0	523	961	1665	1_hij_pos_frown_tr_48000
37	37	5	0	556	891	1537	1_hij_pos_smile_tr_48000
13	12	5	0	429	939	1691	1_hij_hoog_tr_48000
11	18	5	0	537	998	2057	1_hij_laag_tr_48000
24	34	5	0	568	993	1478	1_hij_neg_frown_tr_48000
12	30	5	0	475	1102	2048	1_hij_neg_smile_tr_48000
12	22	5	0	572	978	1692	1_hij_pos_frown_tr_48000
27	40	5	0	389	1028	1859	1_hij_pos_smile_tr_48000
23	6	5	5	455	962	2282	1_hij_hoog_tr_48000
17	22	6	0	576	1210	1844	1_hij_laag_tr_48000
19	4	6	0	487	793	2051	1_hij_neg_frown_tr_48000
22	36	6	0	986	1604	2152	1_hij_neg_smile_tr_48000
17	38	6	0	508	1425	2352	1_hij_pos_frown_tr_48000
34	19	6	0	833	1409	2038	1_hij_pos_smile_tr_48000
33	14	6	0	471	940	1346	1_hij_hoog_tr_48000
11	50	6	0	504	990	1398	1_hij_laag_tr_48000
17	14	6	0	556	894	1500	1_hij_neg_frown_tr_48000
17	7	6	0	594	976	1583	1_hij_neg_smile_tr_48000
39	47	6	0	494	899	1346	1_hij_pos_frown_tr_48000
11	43	6	0	396	757	1525	1_hij_pos_smile_tr_48000
29	54	6	0	397	809	1706	1_hij_hoog_tr_48000
14	33	6	0	710	1000	1558	1_hij_laag_tr_48000
37	41	6	0	621	1075	2430	1_hij_neg_frown_tr_48000
17	34	6	0	492	1373	2095	1_hij_neg_smile_tr_48000
34	38	6	0	542	1000	1843	1_hij_pos_frown_tr_48000
19	16	6	0	658	973	1986	1_hij_pos_smile_tr_48000
12	54	6	0	428	791	1620	1_hij_hoog_tr_48000
33	26	6	0	593	906	1302	1_hij_laag_tr_48000
27	24	6	0	483	884	1840	1_hij_neg_frown_tr_48000
19	25	6	0	684	1296	2600	1_hij_neg_smile_tr_48000
32	8	6	0	647	1353	2102	1_hij_pos_frown_tr_48000
24	54	6	0	591	1080	1939	1_hij_pos_smile_tr_48000
29	2	6	0	816	1079	2018	1_hij_hoog_tr_48000
17	15	6	0	552	1315	2044	1_hij_laag_tr_48000
27	52	6	0	622	1451	2533	1_hij_neg_frown_tr_48000
11	39	6	0	525	966	1515	1_hij_neg_smile_tr_48000
19	44	6	0	609	978	1656	1_hij_pos_frown_tr_48000
13	5	6	0	651	1221	1601	1_hij_pos_smile_tr_48000
14	1	6	0	518	1293	2068	1_hij_hoog_tr_48000
33	11	6	0	509	1159	2156	1_hij_laag_tr_48000
21	37	6	0	534	906	1966	1_hij_neg_frown_tr_48000
19	17	6	0	519	881	1497	1_hij_neg_smile_tr_48000
34	35	6	0	841	1187	1697	1_hij_pos_frown_tr_48000
17	6	6	0	571	1206	1971	1_hij_pos_smile_tr_48000
17	19	6	0	730	1445	2208	1_hij_hoog_tr_48000
29	26	6	0	535	959	1724	1_hij_laag_tr_48000
29	14	6	0	564	898	1308	1_hij_neg_frown_tr_48000
17	18	6	0	596	1066	1536	1_hij_neg_smile_tr_48000
17	35	6	0	930	1590	2117	1_hij_pos_frown_tr_48000
14	49	6	0	535	1055	1519	1_hij_pos_smile_tr_48000
37	13	6	0	460	1419	2128	1_hij_hoog_tr_48000
24	51	6	0	557	986	1649	1_hij_laag_tr_48000
19	45	6	0	678	1144	2280	1_hij_neg_frown_tr_48000
22	45	6	0	660	1221	2103	1_hij_neg_smile_tr_48000
29	30	6	0	360	804	1885	1_hij_pos_frown_tr_48000
14	8	6	0	778	1141	1799	1_hij_pos_smile_tr_48000
14	28	6	0	722	955	1419	1_hij_hoog_tr_48000
23	31	6	0	596	1083	1688	1_hij_laag_tr_48000
19	8	6	0	688	1080	1906	1_hij_neg_frown_tr_48000
24	47	6	0	590	1136	1957	1_hij_neg_smile_tr_48000
22	53	6	0	358	797	1851	1_hij_pos_frown_tr_48000
17	2	6	0	776	1406	2186	1_hij_pos_smile_tr_48000
12	38	6	0	546	1045	1963	1_hij_hoog_tr_48000
31	25	6	0	706	909	1841	1_hij_laag_tr_48000
39	23	6	0	584	1034	1739	1_hij_neg_frown_tr_48000
19	13	6	0	452	857	1647	1_hij_neg_smile_tr_48000
22	28	6	0	431	749	1473	1_hij_pos_frown_tr_48000
34	22	6	0	568	984	1734	1_hij_pos_smile_tr_48000
22	16	6	0	575	1121	2204	1_hij_hoog_tr_48000
17	11	6	0	649	1228	1778	1_hij_laag_tr_48000
32	49	6	0	412	739	1161	1_hij_neg_frown_tr_48000
27	48	6	99	506	1202	1939	1_hij_neg_smile_tr_48000
